name = 'OXCXCH2'
composition = {'H':2, 'C':2, 'N':0, 'O':1, 'Pt':2}
DFT_energy = -378744.484815[, 'eV']
ZPE_energy = [0.930, 'eV']
frequencies = [58.5,150.3,163.9,284.7,443.7,445.6,618.1,682.8,894.5,1032.6,1050.4,1361.4,1738.5,3001.1,3074.3, 'cm-1']
gas_DFT_energy = [-1126.99826, 'eV']
gas_ZPE_energy = [0.846, 'eV']
sites = 2
BEE = []
gas_BEE = []
